222222222222222222222222222222222222222222222222222222222222222222222222222222222222222222222222
200000000000000000000002000000000000000000000000000000000000000000000000000000000000000000000022
200000000000000000000002000000000000000000000000000022222222220000000000000000000000000000000002
200000000000000000000002000000000000000000000000000020000000000000000000000000000000000000000002
200000222220000202020002000000000000000000000000000033333333330000000000000000000000000000000002
200000200020000000000002000000000000000000000000000000000000000000000000000000000000000000000002
200000200020000200020000000000000000000000000000000000000000000000000000000000000000000000000002
200000200020000000000000000000000000000000000000000000000000000000000000000000000000000000000002
200000220220000222220000000000000000000000000000000000000000000000000O00000000000000000000000002
200000000000000000000002222222222222222222222222222222000000000000000000000000000000000000000002
200000000000000000000002000000000000000000000000000000000000000000000000000000000000000000000022
200000000000000000000002000000000000000000000000000000000000000000000000000000000000000000000002
222222222222222222222222222222222222222222222222222222222222222222222222222222222222222222222222